374 511 356 630 403 182 357 204 355 173 825 27 258 
236 627 527 224 728 228 91 
1729 1714 1713 1706 1712 295 
1389 1156 370 1084 371 
1329 1217 498 1053 0 
989 988 911 991 1738 
794 792 484 195 790 
242 241 978 148 
845 330 844 703 
840 492 832 491 
65 64 100 63 
1847 1846 1845 1848 
726 725 468 
788 787 62 
612 44 74 
473 685 620 
833 764 366 
1357 348 1351 
812 651 240 
1410 796 217 
503 316 757 
1539 1532 1085 
1337 1061 968 
723 540 722 
1399 55 53 
106 104 15 
676 1451 677 
1757 1756 1755 
1229 1191 471 
98 97 412 
1111 1110 
1277 1105 
541 5 
582 1275 
291 292 
1784 1783 
521 784 
469 843 
662 660 
1434 997 
1267 52 
216 213 
72 131 
674 500 
656 421 
1534 1533 
1088 1087 
50 1815 
508 450 
1544 1529 
1577 1579 
738 1212 
1743 1742 
169 168 
830 1620 
423 922 
649 1215 
497 265 
121 111 
1467 607 
530 1374 
341 340 
611 610 
1251 958 
837 12 
1286 668 
1262 1261 
975 619 
576 577 
1594 1526 
762 623 
756 270 
1435 919 
900 191 
1771 1770 
351 1066 
873 476 
1528 1827 
1328 1180 
226 406 
1453 1421 
1842 1418 
1057 1026 
1810 1554 
1656 1182 
1669 1160 
1572 669 
1098 1240 
1604 1603 
1094 1093 
1624 1623 
1060 902 
1375 1106 
1402 1336 
1525 1524 
425 507 
1102 198 
1808 1346 
1685 1684 
930 929 
1794 1792 
766 46 
572 557 
924 923 
765 365 
1778 1476 
904 773 
1318 149 
883 817 
1291 934 
1873 328 
617 509 
279 200 
90 312 
542 32 
102 54 
829 309 
1484 1114 
951 1284 
1210 1865 
1556 1509 
464 205 
462 
463 
2603 
1802 
264 
2390 
1927 
1929 
2320 
1912 
2290 
263 
257 
2397 
1343 
470 
254 
568 
256 
255 
1803 
1710 
2175 
272 
2604 
1266 
838 
2226 
405 
1941 
2253 
203 
1930 
268 
2539 
2445 
2144 
1306 
595 
645 
267 
2170 
201 
266 
879 
882 
889 
1549 
2399 
232 
230 
894 
2670 
223 
2671 
391 
1285 
2672 
221 
1547 
280 
215 
290 
214 
1548 
333 
1233 
1294 
208 
2331 
2404 
575 
1184 
211 
601 
569 
250 
2703 
2640 
1360 
966 
313 
1902 
1213 
252 
251 
2052 
1411 
1228 
249 
813 
1009 
1968 
248 
2185 
244 
2224 
235 
234 
938 
2419 
2420 
2575 
1959 
2636 
2303 
2311 
447 
314 
315 
910 
2114 
1130 
310 
719 
317 
319 
318 
346 
320 
1507 
321 
2021 
2452 
1726 
1721 
1739 
2316 
297 
300 
303 
322 
305 
1283 
306 
308 
2139 
2014 
603 
1468 
367 
2180 
347 
2349 
532 
353 
361 
364 
1975 
342 
2094 
376 
1936 
377 
378 
2685 
981 
1882 
1888 
323 
2661 
455 
327 
2358 
1676 
1874 
1876 
1737 
2115 
545 
329 
331 
2013 
2218 
338 
337 
2537 
1715 
1207 
384 
278 
190 
1100 
284 
1521 
547 
1829 
1171 
1767 
2697 
2698 
2538 
1163 
1518 
277 
269 
271 
1273 
273 
680 
274 
275 
1319 
1162 
2058 
2503 
1694 
1072 
2110 
1241 
1064 
956 
2465 
2632 
296 
984 
2444 
1709 
2451 
2460 
2464 
2597 
2442 
2459 
2441 
1727 
1703 
1732 
2462 
1728 
1473 
1824 
285 
2439 
286 
1080 
2146 
1280 
993 
489 
628 
287 
293 
294 
2440 
2456 
2461 
2455 
1331 
84 
1817 
150 
1740 
1736 
1478 
66 
2236 
2653 
1857 
499 
1977 
718 
67 
2497 
69 
70 
73 
1079 
2627 
1470 
1954 
210 
2505 
2560 
961 
970 
2256 
75 
741 
475 
2086 
586 
83 
1798 
2567 
2568 
901 
1850 
85 
1919 
86 
87 
88 
1030 
1031 
89 
690 
2043 
2111 
1910 
2003 
2193 
2649 
440 
441 
81 
1646 
76 
1937 
1818 
1367 
2297 
1877 
79 
99 
2449 
2155 
82 
1951 
2558 
872 
1271 
2033 
554 
56 
1443 
1096 
1227 
1797 
1444 
1452 
233 
2543 
751 
921 
2071 
2214 
2611 
2172 
283 
937 
1244 
1138 
2245 
670 
48 
2008 
2039 
1221 
49 
2232 
51 
2042 
282 
2140 
1301 
2286 
2519 
1045 
778 
2255 
2030 
1376 
915 
2012 
2325 
2454 
964 
538 
1508 
1112 
1372 
1984 
1466 
1704 
1531 
2215 
1409 
2450 
1720 
1964 
58 
456 
2542 
2679 
1445 
2263 
2383 
1327 
1431 
96 
222 
908 
1496 
2070 
1002 
1334 
299 
1041 
927 
2511 
775 
174 
1881 
245 
1044 
1118 
2533 
1819 
175 
799 
2486 
1148 
383 
1256 
663 
176 
237 
1983 
166 
2540 
1931 
276 
1962 
646 
160 
161 
163 
2656 
512 
2270 
2641 
2269 
1051 
1378 
2124 
2467 
1456 
1822 
194 
444 
197 
939 
2602 
2223 
1272 
654 
304 
1687 
199 
225 
1137 
2100 
1216 
1232 
506 
1887 
192 
177 
178 
179 
180 
187 
2251 
188 
2526 
407 
159 
1926 
1295 
193 
2424 
550 
1688 
1878 
551 
170 
785 
2001 
2499 
2430 
735 
1904 
2573 
2581 
1380 
1129 
93 
95 
101 
103 
1907 
2201 
105 
108 
2072 
2074 
2551 
2026 
2498 
2582 
1903 
1082 
288 
2268 
957 
2262 
388 
980 
218 
734 
2552 
2577 
1868 
145 
2646 
616 
196 
139 
1405 
142 
143 
144 
1830 
2418 
2194 
1379 
1481 
1101 
146 
1776 
795 
2259 
343 
1225 
119 
124 
206 
2295 
2410 
128 
2053 
2261 
556 
130 
1414 
132 
2113 
133 
2103 
134 
136 
1678 
1248 
2528 
1814 
2585 
1870 
1252 
1257 
2120 
1258 
1249 
1259 
1809 
1263 
1270 
1274 
1282 
1288 
1292 
1296 
1226 
1201 
1202 
1205 
1206 
1208 
1218 
2102 
1222 
1223 
1300 
1230 
1231 
2109 
1239 
1242 
1243 
2274 
1245 
2189 
1345 
1352 
1587 
1353 
2622 
1365 
1368 
1381 
1382 
1342 
1383 
1386 
1390 
1394 
1403 
1412 
1415 
2225 
1422 
1320 
1302 
1307 
1309 
1310 
1311 
1312 
1313 
1315 
1392 
1190 
1323 
1324 
1325 
2157 
1326 
1332 
1333 
1340 
2285 
1055 
1058 
1059 
1763 
1358 
1070 
1071 
2060 
1074 
1048 
1076 
2105 
2530 
1448 
1091 
1095 
1103 
2617 
1104 
1027 
1008 
1011 
1016 
2051 
1018 
1021 
1022 
1024 
1025 
2359 
2550 
1029 
1032 
1035 
2210 
1038 
1040 
1046 
1161 
2623 
1146 
1147 
2085 
1149 
1153 
2088 
1157 
2634 
1145 
1167 
1168 
1174 
1176 
1177 
1183 
1186 
2704 
1546 
1121 
1108 
2066 
2546 
1840 
1837 
1113 
1115 
1116 
1117 
1424 
1125 
1133 
1134 
1136 
1139 
1140 
1141 
1143 
2473 
1724 
1730 
1734 
1735 
1741 
2463 
1744 
1749 
1751 
1723 
2472 
2471 
1759 
1764 
2531 
1768 
2493 
1772 
2495 
1701 
1665 
1668 
1667 
1679 
1686 
2437 
1699 
2438 
1700 
1775 
2443 
1708 
1707 
1716 
1718 
2687 
1731 
1722 
1858 
2589 
1841 
2555 
1844 
2556 
1849 
2557 
1852 
2571 
1839 
2576 
1863 
1864 
1867 
1866 
2580 
1869 
1871 
1872 
2534 
1786 
2513 
1788 
1791 
1796 
1804 
2520 
1806 
1807 
1662 
1820 
2535 
1823 
1832 
1833 
1834 
2549 
1838 
1519 
1483 
2287 
1487 
1488 
1493 
1494 
1513 
2514 
1793 
1475 
1520 
1522 
2321 
1523 
1538 
2326 
1540 
2327 
1541 
1455 
1425 
2231 
1426 
1428 
1429 
2237 
1430 
1436 
2694 
1542 
1462 
1463 
1465 
1982 
1474 
2501 
2500 
1779 
2407 
1636 
2388 
2389 
1645 
2392 
1648 
2683 
1655 
1658 
1635 
1659 
2408 
1660 
2409 
1661 
2411 
2684 
1664 
1663 
1606 
1545 
2579 
1555 
1568 
1580 
1584 
1590 
1593 
1605 
1006 
1611 
1614 
1615 
1629 
1631 
2379 
1633 
2381 
535 
1702 
1705 
526 
1948 
528 
2362 
2363 
944 
588 
1725 
2696 
2699 
1279 
624 
1826 
1825 
543 
548 
552 
2457 
917 
510 
513 
2393 
1172 
516 
1308 
518 
519 
2207 
2458 
1042 
2448 
1745 
1535 
1536 
1537 
1733 
597 
585 
587 
823 
1039 
593 
589 
591 
2643 
594 
581 
596 
2296 
599 
604 
606 
1447 
2466 
1013 
1884 
1953 
2594 
559 
561 
562 
2184 
564 
2446 
565 
566 
505 
570 
1297 
1649 
573 
2453 
574 
1955 
579 
416 
396 
2356 
402 
1600 
401 
404 
2048 
411 
415 
395 
419 
962 
426 
428 
429 
435 
436 
2626 
437 
709 
1067 
1068 
2553 
1197 
943 
410 
1800 
408 
697 
1417 
379 
493 
380 
578 
386 
387 
392 
394 
474 
1682 
1683 
467 
1719 
1717 
1204 
472 
1132 
819 
1681 
2515 
479 
480 
482 
2220 
485 
486 
1123 
558 
1092 
438 
439 
443 
446 
2277 
1005 
449 
1454 
448 
1050 
451 
452 
458 
600 
459 
461 
465 
466 
857 
826 
907 
835 
839 
842 
848 
849 
850 
853 
821 
862 
867 
869 
870 
1905 
871 
877 
888 
893 
789 
2017 
771 
2688 
776 
777 
779 
781 
783 
782 
898 
793 
798 
800 
808 
2387 
809 
2422 
815 
1170 
2064 
965 
967 
2067 
973 
2605 
974 
2234 
2315 
960 
982 
983 
2045 
985 
986 
987 
990 
994 
995 
2037 
903 
925 
928 
932 
2230 
933 
935 
2300 
941 
770 
942 
2038 
947 
948 
949 
2160 
955 
959 
675 
657 
2705 
1260 
659 
661 
664 
665 
2341 
672 
2510 
679 
682 
683 
2010 
856 
684 
1359 
691 
1377 
1960 
1347 
1957 
621 
622 
2536 
625 
626 
631 
633 
693 
636 
634 
2106 
635 
641 
644 
648 
655 
754 
736 
742 
745 
746 
748 
749 
750 
753 
1880 
1254 
758 
759 
761 
2247 
767 
1988 
768 
769 
721 
1972 
698 
704 
714 
1416 
716 
2574 
1812 
717 
1000 
2328 
2329 
1543 
729 
730 
731 
732 
2650 
1338 
2352 
1592 
1179 
339 
1480 
1298 
372 
393 
2163 
94 
2312 
1512 
2164 
639 
1527 
1413 
1598 
1693 
1976 
1069 
2562 
1922 
2041 
2260 
2267 
2487 
1472 
1056 
1769 
2107 
936 
2293 
2343 
2544 
1923 
137 
1099 
1471 
797 
2354 
2512 
1492 
2217 
1373 
710 
2271 
2475 
2654 
2098 
2669 
647 
1017 
1935 
2156 
996 
555 
892 
345 
711 
2664 
2283 
1486 
151 
2200 
1423 
1158 
2335 
1985 
1369 
156 
854 
152 
2243 
2600 
824 
2054 
1450 
368 
434 
1355 
1354 
1408 
1497 
1019 
1947 
525 
307 
1989 
2000 
2076 
1063 
2334 
614 
615 
613 
946 
2254 
247 
1086 
1194 
2614 
1236 
1276 
115 
414 
420 
1552 
120 
1671 
1670 
865 
424 
432 
1122 
1991 
369 
2061 
522 
523 
259 
1234 
1128 
2474 
2483 
2701 
1928 
1952 
563 
1485 
1760 
1762 
976 
1761 
209 
1599 
1193 
1990 
2364 
1601 
780 
945 
1906 
1142 
2360 
1974 
138 
354 
772 
1322 
9 
650 
1152 
667 
609 
1314 
1898 
77 
1388 
834 
534 
584 
184 
715 
2150 
695 
733 
2152 
2216 
153 
140 
141 
2097 
2282 
344 
1264 
2019 
2174 
2601 
2608 
2631 
2648 
2658 
1203 
855 
1998 
1999 
2133 
2355 
2476 
1339 
382 
1303 
2062 
2027 
689 
129 
1219 
2434 
2141 
2304 
1918 
2050 
816 
2063 
2077 
1043 
640 
158 
1900 
537 
1516 
952 
896 
2638 
1078 
897 
212 
2291 
1164 
1459 
2049 
2249 
1914 
926 
2305 
36 
2309 
1510 
1997 
2004 
2166 
238 
890 
2183 
2369 
678 
1883 
1666 
504 
34 
1396 
2313 
2351 
2417 
2509 
971 
2281 
1120 
1515 
1401 
632 
2221 
1131 
2101 
1370 
362 
363 
457 
496 
1499 
2406 
671 
836 
920 
2294 
913 
1385 
1886 
1891 
2165 
398 
171 
397 
1407 
1821 
658 
590 
2020 
895 
1090 
2252 
1269 
154 
2187 
155 
701 
1992 
2158 
1946 
2527 
1166 
515 
533 
553 
740 
1925 
185 
68 
1851 
1419 
1939 
2273 
2429 
2431 
2432 
2522 
1003 
694 
2332 
1550 
2619 
2628 
324 
325 
699 
422 
653 
1371 
2302 
1506 
2707 
1897 
811 
696 
737 
652 
2370 
2046 
2655 
2681 
2695 
2702 
950 
1913 
1963 
1969 
2036 
1641 
1461 
1561 
992 
1028 
1250 
2006 
2028 
29 
2126 
2348 
1173 
1643 
352 
1616 
1491 
1612 
2337 
2400 
2031 
2412 
2624 
2023 
481 
1299 
57 
2087 
2134 
1640 
1566 
2394 
2616 
311 
1441 
1653 
189 
580 
1956 
2639 
605 
1619 
1010 
2620 
2667 
2376 
2559 
1934 
1489 
2373 
2675 
2122 
2470 
2657 
2689 
1501 
1052 
1281 
1490 
1586 
1626 
2377 
2674 
1628 
875 
673 
713 
643 
399 
22 
2018 
21 
2147 
2222 
2375 
2089 
2591 
1159 
1565 
400 
905 
2129 
2336 
2346 
2402 
2666 
2288 
2469 
2368 
2374 
2378 
2380 
2396 
2401 
2426 
2427 
2433 
2366 
2479 
2492 
2524 
2525 
2570 
2572 
2606 
2610 
2229 
906 
1909 
1940 
1943 
2059 
2117 
2131 
2143 
2195 
2547 
2233 
2248 
2292 
2301 
2324 
2340 
2342 
2353 
2015 
2413 
2092 
112 
1185 
2317 
113 
1933 
1986 
2002 
524 
2032 
2047 
2069 
2090 
2123 
2177 
2203 
2238 
2289 
2680 
2347 
2676 
1581 
2345 
2677 
1583 
1582 
1588 
2398 
2344 
953 
954 
2371 
1608 
1650 
2665 
1899 
681 
334 
1630 
876 
114 
427 
127 
126 
977 
2137 
2206 
413 
846 
4 
2613 
2652 
864 
1155 
477 
298 
744 
2382 
2386 
2128 
262 
1400 
167 
375 
2024 
743 
502 
2025 
2065 
2209 
1398 
165 
336 
2154 
1387 
866 
1924 
181 
851 
207 
1965 
2095 
2127 
2081 
868 
912 
700 
940 
2121 
2199 
1020 
2678 
1109 
2494 
2142 
2644 
2241 
1433 
1151 
1150 
349 
2599 
2615 
2700 
1773 
1065 
454 
453 
460 
1464 
592 
1647 
125 
529 
1361 
1362 
2197 
1391 
1945 
2179 
2596 
2016 
2178 
1321 
1987 
1995 
2647 
2659 
2660 
760 
2084 
861 
1789 
909 
1774 
1127 
1932 
2275 
2385 
1126 
431 
478 
536 
1879 
301 
1621 
326 
2173 
350 
2529 
827 
2545 
494 
1978 
2080 
2136 
2181 
2219 
2257 
2276 
2384 
2583 
2595 
243 
1949 
546 
1004 
2205 
1107 
246 
2125 
707 
2005 
2635 
2171 
2202 
2073 
1023 
2663 
2310 
1511 
1278 
1828 
708 
1037 
11 
1942 
1971 
2145 
2561 
25 
17 
18 
1970 
2403 
20 
2706 
1457 
183 
24 
418 
1944 
2228 
1075 
231 
560 
2035 
2034 
2104 
14 
1477 
969 
1567 
2130 
1695 
727 
1785 
1795 
860 
2112 
1001 
1214 
80 
531 
16 
19 
332 
2607 
1639 
2338 
1569 
1557 
1861 
302 
1607 
1637 
642 
1530 
2307 
1558 
2118 
2414 
2415 
1673 
1896 
1672 
1674 
1559 
1293 
2367 
2569 
1617 
1246 
1632 
2480 
2395 
1427 
1195 
1560 
1613 
686 
1469 
2612 
583 
1498 
1748 
1503 
514 
116 
705 
172 
2 
1169 
1211 
774 
3 
6 
1178 
7 
1237 
598 
8 
831 
666 
10 
1915 
720 
1564 
1574 
1602 
2482 
1654 
1696 
1752 
1505 
805 
220 
1573 
822 
1860 
186 
880 
1973 
1993 
1033 
1895 
1859 
820 
1875 
2629 
2630 
852 
1890 
1892 
1894 
786 
28 
1921 
2096 
2191 
2250 
2673 
1449 
92 
30 
2323 
1420 
490 
763 
1397 
1758 
739 
2405 
1958 
2278 
2161 
2435 
1697 
385 
2167 
2314 
1517 
1514 
1657 
549 
807 
43 
45 
828 
202 
2022 
2132 
1950 
1781 
60 
2235 
918 
2186 
2590 
1119 
1198 
2190 
1384 
931 
2176 
2541 
859 
1831 
33 
2682 
2265 
999 
998 
1181 
61 
37 
59 
38 
39 
40 
2075 
41 
2621 
2198 
2246 
2258 
2391 
2490 
2516 
2518 
2548 
2563 
2182 
2587 
972 
2056 
2083 
1047 
544 
358 
1980 
26 
229 
2208 
2322 
227 
219 
863 
442 
1432 
109 
2119 
1908 
1917 
1966 
2040 
2078 
2135 
2138 
2153 
1854 
886 
1209 
2240 
1495 
885 
567 
2423 
1591 
1677 
1578 
1268 
389 
2011 
2188 
2091 
2148 
2279 
2633 
2584 
2162 
2280 
2421 
2425 
2481 
2507 
2517 
1265 
2554 
488 
1843 
1253 
1335 
1442 
1813 
1816 
1576 
884 
1364 
1458 
1007 
1363 
1979 
2264 
2350 
1356 
520 
147 
2521 
2196 
2609 
2668 
1437 
724 
539 
1482 
637 
687 
1856 
914 
2239 
1014 
2168 
1247 
602 
2108 
1235 
1680 
688 
162 
2564 
2565 
2566 
1853 
1855 
164 
608 
71 
818 
260 
1395 
841 
1885 
2009 
847 
1889 
1893 
261 
117 
1994 
2169 
2416 
1597 
1596 
1077 
2029 
1698 
2436 
2504 
2691 
2692 
2506 
1780 
2508 
1787 
110 
1330 
2489 
157 
2213 
752 
804 
806 
1996 
814 
2586 
2298 
2308 
2318 
2357 
2361 
2428 
2485 
2491 
2502 
2116 
2693 
2272 
963 
2068 
2618 
1015 
1049 
1012 
2204 
409 
78 
878 
881 
1938 
335 
916 
1799 
1801 
417 
1097 
2093 
1188 
1187 
1805 
887 
2007 
2044 
2055 
2192 
2319 
1440 
1189 
1438 
1439 
1446 
253 
618 
2686 
2625 
2284 
2496 
2592 
2690 
1124 
1777 
1479 
2159 
979 
1981 
289 
1165 
2212 
501 
874 
390 
381 
629 
1289 
1220 
899 
495 
483 
1967 
2588 
2593 
2598 
1144 
1811 
2523 
1460 
1504 
31 
1961 
638 
1135 
2082 
1753 
1644 
891 
2099 
2211 
2642 
2645 
35 
1316 
360 
2532 
1563 
1836 
1835 
2242 
791 
1054 
1073 
239 
281 
1238 
1595 
1618 
1610 
1083 
571 
2339 
1571 
1570 
1349 
1692 
1689 
1690 
1691 
1344 
1585 
445 
2662 
1862 
1502 
1348 
1350 
2447 
1711 
1393 
1366 
487 
1625 
1304 
359 
810 
42 
1199 
2306 
1255 
2333 
1551 
1290 
2578 
1305 
1341 
1575 
2468 
1750 
1746 
1747 
1754 
1081 
1404 
1034 
1036 
1224 
373 
702 
755 
47 
1916 
2651 
107 
517 
706 
13 
1200 
1553 
2365 
2372 
135 
1192 
430 
2637 
801 
1901 
118 
2244 
123 
433 
2266 
122 
1675 
1782 
1089 
1911 
2151 
2227 
2330 
1175 
23 
2484 
2477 
1062 
2478 
2299 
1196 
1765 
1154 
2079 
1500 
1790 
1766 
1317 
2057 
2149 
1 
2488 
1651 
1634 
1287 
1627 
1589 
1622 
1638 
1609 
747 
1652 
1406 
712 
1920 
692 
858 
1562 
1642 
803 
802 
